Noisy instances (01_chocardiogram.csv): 5 7 19 28 31 32 35 40 45 46 47 60 63 66 76 86 87 89 90 96 115 118 127
Noisy instances (01_chocardiogram.csv): 5 7 19 28 31 32 35 40 45 46 47 60 63 66 76 86 87 89 90 96 115 118 127
Noisy instances (02_hepatitis.csv): 7 31 32 36 68 72 77 87 88 89 92 95 99 101 105 107 110 112 119 121 128 130 132 135 139 142 144 145 147 148 151 155
Noisy instances (03_heart-statlog.csv): 2 3 4 6 11 12 14 32 38 41 48 59 68 70 77 85 88 92 97 102 113 135 140 147 154 161 162 170 183 185 188 201 208 211 218 219 227 235 249 253 259 263 265 269
Noisy instances (04_ionosphere.csv): 2 4 6 8 10 12 14 16 18 20 22 24 26 28 30 32 34 36 38 40 42 44 46 48 50 52 54 56 58 60 62 64 66 68 70 72 74 76 78 80 82 84 86 88 90 92 94 96 99 101 103 105 107 109 111 113 115 117 119 121 123 125 127 129 131 133 135 137 139 141 143 144 145 146 147 149 151 153 155 157 159 161 163 165 167 169 171 173 175 177 179 181 183 185 187 189 191 192 193 195 197 199 201 203 205 207 209 211 213 215 217 219 221 223 225 227 229 231 233 235 239 241 243 245 247 249 251 253 285
Noisy instances (05_parkinsons.csv): 31 32 33 34 35 36 43 44 45 46 47 48 49 50 51 52 53 54 61 62 63 64 65 66 166 167 168 169 170 171 172 173 174 175 176 177 184 185 186 187 188 189 190 191 192 193 194 195
Noisy instances (01_chocardiogram.csv): 5 7 19 28 31 32 35 40 45 46 47 60 63 66 76 86 87 89 90 96 115 118 127
Noisy instances (02_hepatitis.csv): 7 31 32 36 68 72 77 87 88 89 92 95 99 101 105 107 110 112 119 121 128 130 132 135 139 142 144 145 147 148 151 155
Noisy instances (03_heart-statlog.csv): 2 3 4 6 11 12 14 32 38 41 48 59 68 70 77 85 88 92 97 102 113 135 140 147 154 161 162 170 183 185 188 201 208 211 218 219 227 235 249 253 259 263 265 269
Noisy instances (04_ionosphere.csv): 2 4 6 8 10 12 14 16 18 20 22 24 26 28 30 32 34 36 38 40 42 44 46 48 50 52 54 56 58 60 62 64 66 68 70 72 74 76 78 80 82 84 86 88 90 92 94 96 99 101 103 105 107 109 111 113 115 117 119 121 123 125 127 129 131 133 135 137 139 141 143 144 145 146 147 149 151 153 155 157 159 161 163 165 167 169 171 173 175 177 179 181 183 185 187 189 191 192 193 195 197 199 201 203 205 207 209 211 213 215 217 219 221 223 225 227 229 231 233 235 239 241 243 245 247 249 251 253 285
Noisy instances (05_parkinsons.csv): 31 32 33 34 35 36 43 44 45 46 47 48 49 50 51 52 53 54 61 62 63 64 65 66 166 167 168 169 170 171 172 173 174 175 176 177 184 185 186 187 188 189 190 191 192 193 194 195
