Noisy instances (01_chocardiogram.csv): 5 19 28 31 32 33 35 45 47 48 63 66 76 86 87 89 90 96 118 127
Noisy instances (02_hepatitis.csv): 7 31 32 36 68 72 77 87 88 89 92 95 99 101 105 107 110 112 119 121 128 130 132 135 139 142 144 145 147 148 151 155
Noisy instances (03_heart-statlog.csv): 2 3 4 6 11 12 14 32 38 41 59 68 70 77 85 88 92 102 113 135 140 147 154 162 170 183 185 188 201 208 211 218 219 235 249 253 259 263 265 269
Noisy instances (04_ionosphere.csv): 14 15 34 35 40 53 66 84 86 88 90 106 110 117 120 121 143 145 149 168 176 190 198 200 235 237 255 291 308 339 341
Noisy instances (05_parkinsons.csv): 8 54 115 169 172 184 185 186 191 192 195
Noisy instances (01_chocardiogram.csv): 5 19 28 31 32 33 35 45 47 48 63 66 76 86 87 89 90 96 118 127
Noisy instances (02_hepatitis.csv): 7 31 32 36 68 72 77 87 88 89 92 95 99 101 105 107 110 112 119 121 128 130 132 135 139 142 144 145 147 148 151 155
Noisy instances (03_heart-statlog.csv): 2 3 4 6 11 12 14 32 38 41 59 68 70 77 85 88 92 102 113 135 140 147 154 162 170 183 185 188 201 208 211 218 219 235 249 253 259 263 265 269
Noisy instances (04_ionosphere.csv): 14 15 34 35 40 53 66 84 86 88 90 106 110 117 120 121 143 145 149 168 176 190 198 200 235 237 255 291 308 339 341
Noisy instances (05_parkinsons.csv): 8 54 115 169 172 184 185 186 191 192 195
Noisy instances (01_chocardiogram.csv): 5 19 28 31 32 33 35 45 47 48 63 66 76 86 87 89 90 96 118 127
Noisy instances (02_hepatitis.csv): 7 31 32 36 68 72 77 87 88 89 92 95 99 101 105 107 110 112 119 121 128 130 132 135 139 142 144 145 147 148 151 155
Noisy instances (03_heart-statlog.csv): 2 3 4 6 11 12 14 32 38 41 59 68 70 77 85 88 92 102 113 135 140 147 154 162 170 183 185 188 201 208 211 218 219 235 249 253 259 263 265 269
Noisy instances (04_ionosphere.csv): 14 15 34 35 40 53 66 84 86 88 90 106 110 117 120 121 143 145 149 168 176 190 198 200 235 237 255 291 308 339 341
Noisy instances (05_parkinsons.csv): 8 54 115 169 172 184 185 186 191 192 195
Noisy instances (01_chocardiogram.csv): 5 19 28 31 32 33 35 45 47 48 63 66 76 86 87 89 90 96 118 127
Noisy instances (02_hepatitis.csv): 7 31 32 36 68 72 77 87 88 89 92 95 99 101 105 107 110 112 119 121 128 130 132 135 139 142 144 145 147 148 151 155
Noisy instances (03_heart-statlog.csv): 2 3 4 6 11 12 14 32 38 41 59 68 70 77 85 88 92 102 113 135 140 147 154 162 170 183 185 188 201 208 211 218 219 235 249 253 259 263 265 269
Noisy instances (04_ionosphere.csv): 14 15 34 35 40 53 66 84 86 88 90 106 110 117 120 121 143 145 149 168 176 190 198 200 235 237 255 291 308 339 341
Noisy instances (05_parkinsons.csv): 8 54 115 169 172 184 185 186 191 192 195
Noisy instances (01_chocardiogram.csv): 5 19 28 31 32 33 35 45 47 48 63 66 76 86 87 89 90 96 118 127
Noisy instances (02_hepatitis.csv): 7 31 32 36 68 72 77 87 88 89 92 95 99 101 105 107 110 112 119 121 128 130 132 135 139 142 144 145 147 148 151 155
Noisy instances (03_heart-statlog.csv): 2 3 4 6 11 12 14 32 38 41 59 68 70 77 85 88 92 102 113 135 140 147 154 162 170 183 185 188 201 208 211 218 219 235 249 253 259 263 265 269
Noisy instances (04_ionosphere.csv): 14 15 34 35 40 53 66 84 86 88 90 106 110 117 120 121 143 145 149 168 176 190 198 200 235 237 255 291 308 339 341
Noisy instances (05_parkinsons.csv): 8 54 115 169 172 184 185 186 191 192 195
Noisy instances (01_chocardiogram.csv): 5 19 28 31 32 33 35 45 47 48 63 66 76 86 87 89 90 96 118 127
Noisy instances (02_hepatitis.csv): 7 31 32 36 68 72 77 87 88 89 92 95 99 101 105 107 110 112 119 121 128 130 132 135 139 142 144 145 147 148 151 155
Noisy instances (03_heart-statlog.csv): 2 3 4 6 11 12 14 32 38 41 59 68 70 77 85 88 92 102 113 135 140 147 154 162 170 183 185 188 201 208 211 218 219 235 249 253 259 263 265 269
Noisy instances (04_ionosphere.csv): 14 15 34 35 40 53 66 84 86 88 90 106 110 117 120 121 143 145 149 168 176 190 198 200 235 237 255 291 308 339 341
Noisy instances (05_parkinsons.csv): 8 54 115 169 172 184 185 186 191 192 195
Noisy instances (01_chocardiogram.csv): 5 19 28 31 32 33 35 45 47 48 63 66 76 86 87 89 90 96 118 127
Noisy instances (01_chocardiogram.csv): 5 19 28 31 32 33 35 45 47 48 63 66 76 86 87 89 90 96 118 127
Noisy instances (02_hepatitis.csv): 7 31 32 36 68 72 77 87 88 89 92 95 99 101 105 107 110 112 119 121 128 130 132 135 139 142 144 145 147 148 151 155
Noisy instances (03_heart-statlog.csv): 2 3 4 6 11 12 14 32 38 41 59 68 70 77 85 88 92 102 113 135 140 147 154 162 170 183 185 188 201 208 211 218 219 235 249 253 259 263 265 269
Noisy instances (04_ionosphere.csv): 14 15 34 35 40 53 66 84 86 88 90 106 110 117 120 121 143 145 149 168 176 190 198 200 235 237 255 291 308 339 341
Noisy instances (05_parkinsons.csv): 8 54 115 169 172 184 185 186 191 192 195
Noisy instances (01_chocardiogram.csv): 5 19 28 31 32 33 35 45 47 48 63 66 76 86 87 89 90 96 118 127
Noisy instances (02_hepatitis.csv): 7 31 32 36 68 72 77 87 88 89 92 95 99 101 105 107 110 112 119 121 128 130 132 135 139 142 144 145 147 148 151 155
Noisy instances (03_heart-statlog.csv): 2 3 4 6 11 12 14 32 38 41 59 68 70 77 85 88 92 102 113 135 140 147 154 162 170 183 185 188 201 208 211 218 219 235 249 253 259 263 265 269
Noisy instances (04_ionosphere.csv): 14 15 34 35 40 53 66 84 86 88 90 106 110 117 120 121 143 145 149 168 176 190 198 200 235 237 255 291 308 339 341
Noisy instances (05_parkinsons.csv): 8 54 115 169 172 184 185 186 191 192 195
Noisy instances (01_chocardiogram.csv): 5 19 28 31 32 33 35 45 47 48 63 66 76 86 87 89 90 96 118 127
Noisy instances (02_hepatitis.csv): 7 31 32 36 68 72 77 87 88 89 92 95 99 101 105 107 110 112 119 121 128 130 132 135 139 142 144 145 147 148 151 155
Noisy instances (03_heart-statlog.csv): 2 3 4 6 11 12 14 32 38 41 59 68 70 77 85 88 92 102 113 135 140 147 154 162 170 183 185 188 201 208 211 218 219 235 249 253 259 263 265 269
Noisy instances (04_ionosphere.csv): 14 15 34 35 40 53 66 84 86 88 90 106 110 117 120 121 143 145 149 168 176 190 198 200 235 237 255 291 308 339 341
Noisy instances (05_parkinsons.csv): 8 54 115 169 172 184 185 186 191 192 195
Noisy instances (01_chocardiogram.csv): 5 19 28 31 32 33 35 45 47 48 63 66 76 86 87 89 90 96 118 127
Noisy instances (02_hepatitis.csv): 7 31 32 36 68 72 77 87 88 89 92 95 99 101 105 107 110 112 119 121 128 130 132 135 139 142 144 145 147 148 151 155
Noisy instances (03_heart-statlog.csv): 2 3 4 6 11 12 14 32 38 41 59 68 70 77 85 88 92 102 113 135 140 147 154 162 170 183 185 188 201 208 211 218 219 235 249 253 259 263 265 269
Noisy instances (04_ionosphere.csv): 14 15 34 35 40 53 66 84 86 88 90 106 110 117 120 121 143 145 149 168 176 190 198 200 235 237 255 291 308 339 341
Noisy instances (05_parkinsons.csv): 8 54 115 169 172 184 185 186 191 192 195
