Noisy instances (06_balance-scale.csv): 82 87 108 109 112 113 121 154 166 180 196 205 213 221 239 243 261 280 296 317 335 369 373 382 405 413 447 465 473 508 509 512 513 517 521 539 569
Noisy instances (07_energy.csv): 14 56 104 149 197 198 199 245 246 247 248 289 290 291 339 377 544 573 592 685 686
Noisy instances (08_seeds.csv): 9 20 24 38 40 62 64 70 125 136 198 200 202
Noisy instances (09_teaching.csv): 8 28 32 34 39 47 71 73 82 83 86 88 89 90 91 94 95 97 100 101 102 103 104 106 107 109 110 113 114 116 119 120 121 122 123 125 128 131 133 136 137 142 143 145 149 150
Noisy instances (10_vertebral-column.csv): 3 6 7 9 16 17 18 21 22 23 24 42 43 44 45 60 65 69 106 119 168 172 211 216 220 221 223 229 245 247 250 256 263 270 272 291 292 294 298 303 307
Noisy instances (11_ecoli.csv): 4 68 96 99 158 163 172 175 179 184 187 188 211 259 261 306 317
Noisy instances (12_flags.csv): 29 31 42 53 62 64 68 81 89 96 112 113 119 128 136 142 143 151 152 170
Noisy instances (06_balance-scale.csv): 82 87 108 109 112 113 121 154 166 180 196 205 213 221 239 243 261 280 296 317 335 369 373 382 405 413 447 465 473 508 509 512 513 517 521 539 569
Noisy instances (07_energy.csv): 14 56 104 149 197 198 199 245 246 247 248 289 290 291 339 377 544 573 592 685 686
Noisy instances (08_seeds.csv): 9 20 24 38 40 62 64 70 125 136 198 200 202
Noisy instances (09_teaching.csv): 8 28 32 34 39 47 71 73 82 83 86 88 89 90 91 94 95 97 100 101 102 103 104 106 107 109 110 113 114 116 119 120 121 122 123 125 128 131 133 136 137 142 143 145 149 150
Noisy instances (10_vertebral-column.csv): 3 6 7 9 16 17 18 21 22 23 24 42 43 44 45 60 65 69 106 119 168 172 211 216 220 221 223 229 245 247 250 256 263 270 272 291 292 294 298 303 307
Noisy instances (11_ecoli.csv): 4 68 96 99 158 163 172 175 179 184 187 188 211 259 261 306 317
Noisy instances (12_flags.csv): 29 31 42 53 62 64 68 81 89 96 112 113 119 128 136 142 143 151 152 170
Noisy instances (06_balance-scale.csv): 82 87 108 109 112 113 121 154 166 180 196 205 213 221 239 243 261 280 296 317 335 369 373 382 405 413 447 465 473 508 509 512 513 517 521 539 569
Noisy instances (07_energy.csv): 14 56 104 149 197 198 199 245 246 247 248 289 290 291 339 377 544 573 592 685 686
Noisy instances (08_seeds.csv): 9 20 24 38 40 62 64 70 125 136 198 200 202
Noisy instances (09_teaching.csv): 8 28 32 34 39 47 71 73 82 83 86 88 89 90 91 94 95 97 100 101 102 103 104 106 107 109 110 113 114 116 119 120 121 122 123 125 128 131 133 136 137 142 143 145 149 150
Noisy instances (10_vertebral-column.csv): 3 6 7 9 16 17 18 21 22 23 24 42 43 44 45 60 65 69 106 119 168 172 211 216 220 221 223 229 245 247 250 256 263 270 272 291 292 294 298 303 307
Noisy instances (11_ecoli.csv): 4 68 96 99 158 163 172 175 179 184 187 188 211 259 261 306 317
Noisy instances (12_flags.csv): 29 31 42 53 62 64 68 81 89 96 112 113 119 128 136 142 143 151 152 170
Noisy instances (06_balance-scale.csv): 82 87 108 109 112 113 121 154 166 180 196 205 213 221 239 243 261 280 296 317 335 369 373 382 405 413 447 465 473 508 509 512 513 517 521 539 569
Noisy instances (07_energy.csv): 14 56 104 149 197 198 199 245 246 247 248 289 290 291 339 377 544 573 592 685 686
Noisy instances (08_seeds.csv): 9 20 24 38 40 62 64 70 125 136 198 200 202
Noisy instances (09_teaching.csv): 8 28 32 34 39 47 71 73 82 83 86 88 89 90 91 94 95 97 100 101 102 103 104 106 107 109 110 113 114 116 119 120 121 122 123 125 128 131 133 136 137 142 143 145 149 150
Noisy instances (10_vertebral-column.csv): 3 6 7 9 16 17 18 21 22 23 24 42 43 44 45 60 65 69 106 119 168 172 211 216 220 221 223 229 245 247 250 256 263 270 272 291 292 294 298 303 307
Noisy instances (11_ecoli.csv): 4 68 96 99 158 163 172 175 179 184 187 188 211 259 261 306 317
Noisy instances (12_flags.csv): 29 31 42 53 62 64 68 81 89 96 112 113 119 128 136 142 143 151 152 170
